6378100.00049,
6378101.28462,
6378105.07901,
6378111.44437,
6378120.44225,
6378132.13512,
6378146.58635,
6378163.86018,
6378184.02176,
6378207.13712,
6378233.2732,
6378262.4978,
6378294.87962,
6378330.48815,
6378369.39375,
6378411.66757,
6378457.38165,
6378506.60899,
6378559.42329,
6378615.89894,
6378676.11102,
6378740.13529,
6378808.04813,
6378879.92648,
6378955.8478,
6379035.89001,
6379120.13143,
6379208.65067,
6379301.52661,
6379398.83829,
6379500.66484,
6379607.08539,
6379718.17898,
6379834.02448,
6379954.7005,
6380080.28526,
6380210.85657,
6380346.49168,
6380487.26718,
6380633.25898,
6380784.54214,
6380941.19084,
6381103.2783,
6381270.87667,
6381444.05698,
6381622.88907,
6381807.44156,
6381997.78175,
6382193.97562,
6382396.08777,
6382604.18141,
6382818.31834,
6383038.55891,
6383264.9621,
6383497.58545,
6383736.48513,
6383981.71596,
6384233.33147,
6384491.38393,
6384755.92443,
6385027.00296,
6385304.66848,
6385588.96903,
6385879.95184,
6386177.66341,
6386482.14969,
6386793.45614,
6387111.62792,
6387436.71001,
6387768.74738,
6388107.7851,
6388453.86855,
6388807.04354,
6389167.35651,
6389534.85948,
6389909.61835,
6390291.70123,
6390681.17617,
6391078.11122,
6391482.57448,
6391894.63417,
6392314.35869,
6392741.81662,
6393177.07681,
6393620.20842,
6394071.28095,
6394530.36424,
6394997.52857,
6395472.84464,
6395956.38363,
6396448.21716,
6396948.41742,
6397457.05706,
6397974.20934,
6398499.94815,
6399034.34956,
6399577.49116,
6400129.45079,
6400690.30645,
6401260.13644,
6401839.01934,
6402427.03411,
6403024.26011,
6403630.77718,
6404246.66568,
6404872.0066,
6405506.8816,
6406151.37308,
6406805.56429,
6407469.53942,
6408143.38367,
6408827.18337,
6409521.02609,
6410225.00072,
6410939.19808,
6411663.71217,
6412398.63864,
6413144.07446,
6413900.11814,
6414666.86997,
6415444.4322,
6416232.90929,
6417032.4081,
6417843.03812,
6418664.9117,
6419498.14428,
6420342.8546,
6421199.16493,
6422067.20136,
6422947.09395,
6423838.97706,
6424742.98955,
6425659.27507,
6426587.98183,
6427529.26287,
6428483.27707,
6429450.18942,
6430430.1711,
6431423.39945,
6432430.05889,
6433450.34131,
6434484.44643,
6435532.5821,
6436594.96468,
6437671.81939,
6438763.38079,
6439869.89312,
6440991.61084,
6442126.1213,
6443254.66175,
6444373.56381,
6445482.83557,
6446582.48439,
6447672.51702,
6448752.93969,
6449823.75818,
6450884.97788,
6451936.60387,
6452978.64091,
6454011.09348,
6455033.96586,
6456047.26212,
6457050.98616,
6458045.14172,
6459029.73243,
6460004.7618,
6460970.23323,
6461926.15004,
6462872.51548,
6463809.33296,
6464736.60629,
6465654.33842,
6466562.53221,
6467461.19049,
6468350.31608,
6469229.91174,
6470099.98024,
6470960.5243,
6471811.54663,
6472653.0499,
6473485.03675,
6474307.50981,
6475120.47168,
6475923.92491,
6476717.87207,
6477502.31565,
6478277.25815,
6479042.70203,
6479798.64974,
6480545.10367,
6481282.06622,
6482009.53975,
6482727.52658,
6483436.02902,
6484135.04936,
6484824.58985,
6485504.65271,
6486175.24016,
6486836.35436,
6487487.99746,
6488130.1716,
6488762.87887,
6489386.12135,
6489999.90107,
6490604.22007,
6491199.08035,
6491784.48386,
6492360.43256,
6492926.92836,
6493483.97317,
6494031.56885,
6494569.71723,
6495098.42015,
6495617.67938,
6496127.4967,
6496627.87385,
6497118.81255,
6497600.31448,
6498072.3813,
6498535.01467,
6498988.21619,
6499431.98745,
6499866.33002,
6500291.46832,
6500710.58113,
6501124.65615,
6501533.63181,
6501937.44635,
6502336.0378,
6502729.34399,
6503117.30253,
6503499.85082,
6503876.92603,
6504248.46512,
6504614.4048,
6504974.68154,
6505329.23156,
6505677.99084,
6506020.89509,
6506357.87976,
6506688.87999,
6507013.83068,
6507332.66641,
6507645.32144,
6507951.72974,
6508251.82495,
6508545.54036,
6508832.80892,
6509113.56323,
6509387.7355,
6509655.25757,
6509916.06087,
6510170.07642,
6510417.23483,
6510657.46623,
6510890.70033,
6511116.86634,
6511335.893,
6511547.70852,
6511752.24059,
6511949.41636,
6512139.1624,
6512321.4047,
6512496.06864,
6512663.07896,
6512822.35975,
6512973.83442,
6513117.42566,
6513253.05546,
6513380.64501,
6513500.11473,
6513611.38423,
6513714.37224,
6513808.99662,
6513895.17433,
6513972.82135,
6514041.85268,
6514102.18228,
6514153.72305,
6514196.38677,
6514230.08405,
6514254.72432,
6514270.21573,
6514276.46513,
6514273.37802,
6514260.85846,
6514238.80906,
6514207.13088,
6514165.72336,
6514114.48428,
6514053.30969,
6513982.09378,
6513900.72887,
6513809.10527,
6513707.11121,
6513594.63276,
6513471.55371,
6513337.75547,
6513193.11696,
6513037.51447,
6512870.82157,
6512692.90895,
6512503.6443,
6512302.89212,
6512090.51358,
6511866.36637,
6511630.30448,
6511382.17802,
6511121.833,
6510849.11112,
6510563.84953,
6510265.88054,
6509955.03138,
6509631.12387,
6509293.97411,
6508943.39214,
6508579.18155,
6508201.13905,
6507809.05407,
6507402.70826,
6506981.87493,
6506546.31856,
6506095.79406,
6505630.04619,
6505148.80875,
6504651.94966,
6504141.46054,
6503620.21402,
6503085.55394,
6502538.88017,
6501978.23518,
6501404.26118,
6500815.98138,
6500212.65525,
6499593.99798,
6498959.41677,
6498308.16025,
6497639.59102,
6496952.90925,
6496247.3199,
6495522.00539,
6494776.04694,
6494008.42056,
6493218.05576,
6492403.76472,
6491564.28608,
6490707.817,
6489842.04642,
6488966.97557,
6488082.60572,
6487188.93813,
6486285.9741,
6485373.71492,
6484452.1619,
6483521.31639,
6482581.17971,
6481631.75323,
6480673.03833,
6479705.03638,
6478727.74879,
6477741.17697,
6476745.32236,
6475740.18639,
6474725.77053,
6473702.07624,
6472669.10501,
6471626.85836,
6470575.33778,
6469514.54481,
6468444.48099,
6467365.14788,
6466276.54706,
6465178.68011,
6464071.54863,
6462955.15424,
6461829.49856,
6460694.58324,
6459550.40994,
6458396.98033,
6457234.2961,
6456062.35894,
6454881.17058,
6453690.73274,
6452491.04716,
6451282.11561,
6450063.93985,
6448836.52168,
6447599.86288,
6446353.96528,
6445098.83071,
6443834.46101,
6442560.85803,
6441278.02365,
6439985.95976,
6438684.66825,
6437374.15103,
6436054.41005,
6434725.44723,
6433387.26454,
6432039.86394,
6430683.24743,
6429317.417,
6427942.37466,
6426558.12245,
6425164.6624,
6423761.99657,
6422350.12703,
6420929.05587,
6419498.78518,
6418059.31708,
6416610.65369,
6415152.79716,
6413685.74964,
6412209.51329,
6410724.09031,
6409229.48288,
6407725.69323,
6406212.72358,
6404690.57616,
6403159.25323,
6401618.75706,
6400069.08993,
6398510.25414,
6396942.252,
6395365.08583,
6393778.75797,
6392183.27077,
6390578.62661,
6388964.82785,
6387341.8769,
6385709.77616,
6384068.52806,
6382418.13504,
6380758.59953,
6379089.92402,
6377412.11098,
6375725.1629,
6374029.08229,
6372323.87167,
6370609.53358,
6368886.07056,
6367153.48518,
6365411.78001,
6363660.95765,
6361901.02071,
6360131.97179,
6358353.81353,
6356566.54859,
6354770.17962,
6352964.70929,
6351150.14031,
6349326.47535,
6347493.71716,
6345651.86845,
6343800.93197,
6341940.91049,
6340071.80676,
6338193.62358,
6336306.36376,
6334410.03009,
6332504.62542,
6330590.15258,
6328666.61443,
6326734.01385,
6324792.3537,
6322841.6369,
6320881.86635,
6318913.04498,
6316935.17572,
6314948.26154,
6312952.30539,
6310947.31026,
6308933.27915,
6306910.21506,
6304878.12101,
6302837.00004,
6300786.8552,
6298727.68955,
6296659.50617,
6294582.30816,
6292496.09861,
6290400.88065,
6288296.65741,
6286183.43203,
6284061.20768,
6281929.98753,
6279789.77477,
6277640.57259,
6275482.38421,
6273315.21287,
6271139.06181,
6268953.93427,
6266759.83353,
6264556.76288,
6262344.72561,
6260123.72504,
6257893.76448,
6255654.84728,
6253406.97679
