6378100.0,
6377128.58448,
6374214.63381,
6369359.03562,
6362563.26896,
6353829.4039,
6343160.10085,
6330558.60978,
6316028.76924,
6299575.00515,
6281202.32949,
6260916.33875,
6238723.21224,
6214629.71021,
6188643.17176,
6160771.51265,
6131023.22286,
6099407.36401,
6065933.56658,
6030612.02703,
5993453.50463,
5954469.31824,
5913671.34281,
5871072.00581,
5826684.28339,
5780521.6965,
5732598.3067,
5682928.71193,
5631528.04201,
5578411.95411,
5523596.62788,
5467098.76061,
5408935.5621,
5349124.74941,
5287684.54151,
5224633.65368,
5159991.29182,
5093777.14663,
5026011.38758,
4956714.65677,
4885908.06266,
4813613.17362,
4739852.01138,
4664647.0443,
4588021.18054,
4509997.76109,
4430600.55262,
4349853.74031,
4267781.92042,
4184410.0928,
4099763.65334,
4013868.38615,
3926750.45577,
3838436.39917,
3748953.11765,
3658327.86869,
3566588.25763,
3473762.22923,
3379878.05921,
3284964.34558,
3189050.0,
3092164.23889,
2994336.5746,
2895596.80639,
2795975.01134,
2695501.53521,
2594206.9832,
2492122.21062,
2389278.31347,
2285706.61899,
2181438.67615,
2076506.24594,
1970941.29182,
1864775.96989,
1758042.61914,
1650773.75157,
1543002.04232,
1434760.31971,
1326081.5552,
1216998.85341,
1107545.44198,
997754.661473,
887659.955233,
777294.859172,
666692.991567,
555888.042819,
444913.765187,
333803.962513,
222592.479918,
111313.193498,
3.90545987482e-10,
-111313.193498,
-222592.479918,
-333803.962513,
-444913.765187,
-555888.042819,
-666692.991567,
-777294.859172,
-887659.955233,
-997754.661473,
-1107545.44198,
-1216998.85341,
-1326081.5552,
-1434760.31971,
-1543002.04232,
-1650773.75157,
-1758042.61914,
-1864775.96989,
-1970941.29182,
-2076506.24594,
-2181438.67615,
-2285706.61899,
-2389278.31347,
-2492122.21062,
-2594206.9832,
-2695501.53521,
-2795975.01134,
-2895596.80639,
-2994336.5746,
-3092164.23889,
-3189050.0,
-3284964.34558,
-3379878.05921,
-3473762.22923,
-3566588.25763,
-3658327.86869,
-3748953.11765,
-3838436.39917,
-3926750.45577,
-4013868.38615,
-4099763.65334,
-4184410.0928,
-4267781.92042,
-4349853.74031,
-4430600.55262,
-4509997.76109,
-4588021.18054,
-4664647.0443,
-4739852.01138,
-4813613.17362,
-4885908.06266,
-4956714.65677,
-5026011.38758,
-5093777.14663,
-5159991.29182,
-5224633.65368,
-5287684.54151,
-5349124.74941,
-5408935.5621,
-5467098.76061,
-5523596.62788,
-5578411.95411,
-5631528.04201,
-5682928.71193,
-5732598.3067,
-5780521.6965,
-5826684.28339,
-5871072.00581,
-5913671.34281,
-5954469.31824,
-5993453.50463,
-6030612.02703,
-6065933.56658,
-6099407.36401,
-6131023.22286,
-6160771.51265,
-6188643.17176,
-6214629.71021,
-6238723.21224,
-6260916.33875,
-6281202.32949,
-6299575.00515,
-6316028.76924,
-6330558.60978,
-6343160.10085,
-6353829.4039,
-6362563.26896,
-6369359.03562,
-6374214.63381,
-6377128.58448,
-6378100.0,
-6377128.58448,
-6374214.63381,
-6369359.03562,
-6362563.26896,
-6353829.4039,
-6343160.10085,
-6330558.60978,
-6316028.76924,
-6299575.00515,
-6281202.32949,
-6260916.33875,
-6238723.21224,
-6214629.71021,
-6188643.17176,
-6160771.51265,
-6131023.22286,
-6099407.36401,
-6065933.56658,
-6030612.02703,
-5993453.50463,
-5954469.31824,
-5913671.34281,
-5871072.00581,
-5826684.28339,
-5780521.6965,
-5732598.3067,
-5682928.71193,
-5631528.04201,
-5578411.95411,
-5523596.62788,
-5467098.76061,
-5408935.5621,
-5349124.74941,
-5287684.54151,
-5224633.65368,
-5159991.29182,
-5093777.14663,
-5026011.38758,
-4956714.65677,
-4885908.06266,
-4813613.17362,
-4739852.01138,
-4664647.0443,
-4588021.18054,
-4509997.76109,
-4430600.55262,
-4349853.74031,
-4267781.92042,
-4184410.0928,
-4099763.65334,
-4013868.38615,
-3926750.45577,
-3838436.39917,
-3748953.11765,
-3658327.86869,
-3566588.25763,
-3473762.22923,
-3379878.05921,
-3284964.34558,
-3189050.0,
-3092164.23889,
-2994336.5746,
-2895596.80639,
-2795975.01134,
-2695501.53521,
-2594206.9832,
-2492122.21062,
-2389278.31347,
-2285706.61899,
-2181438.67615,
-2076506.24594,
-1970941.29182,
-1864775.96989,
-1758042.61914,
-1650773.75157,
-1543002.04232,
-1434760.31971,
-1326081.5552,
-1216998.85341,
-1107545.44198,
-997754.661473,
-887659.955233,
-777294.859172,
-666692.991567,
-555888.042819,
-444913.765187,
-333803.962513,
-222592.479918,
-111313.193498,
-1.17163796245e-09,
111313.193498,
222592.479918,
333803.962513,
444913.765187,
555888.042819,
666692.991567,
777294.859172,
887659.955233,
997754.661473,
1107545.44198,
1216998.85341,
1326081.5552,
1434760.31971,
1543002.04232,
1650773.75157,
1758042.61914,
1864775.96989,
1970941.29182,
2076506.24594,
2181438.67615,
2285706.61899,
2389278.31347,
2492122.21062,
2594206.9832,
2695501.53521,
2795975.01134,
2895596.80639,
2994336.5746,
3092164.23889,
3189050.0,
3284964.34558,
3379878.05921,
3473762.22923,
3566588.25763,
3658327.86869,
3748953.11765,
3838436.39917,
3926750.45577,
4013868.38615,
4099763.65334,
4184410.0928,
4267781.92042,
4349853.74031,
4430600.55262,
4509997.76109,
4588021.18054,
4664647.0443,
4739852.01138,
4813613.17362,
4885908.06266,
4956714.65677,
5026011.38758,
5093777.14663,
5159991.29182,
5224633.65368,
5287684.54151,
5349124.74941,
5408935.5621,
5467098.76061,
5523596.62788,
5578411.95411,
5631528.04201,
5682928.71193,
5732598.3067,
5780521.6965,
5826684.28339,
5871072.00581,
5913671.34281,
5954469.31824,
5993453.50463,
6030612.02703,
6065933.56658,
6099407.36401,
6131023.22286,
6160771.51265,
6188643.17176,
6214629.71021,
6238723.21224,
6260916.33875,
6281202.32949,
6299575.00515,
6316028.76924,
6330558.60978,
6343160.10085,
6353829.4039,
6362563.26896,
6369359.03562,
6374214.63381,
6377128.58448
